name: baffle
channels:
  - bioconda
  - conda-forge
dependencies:
  - _openmp_mutex=4.5=20_gnu
  - blast=2.17.0=h66d330f_0
  - bzip2=1.0.8=hda65f42_9
  - c-ares=1.34.6=hb03c661_0
  - ca-certificates=2026.2.25=hbd8a1cb_0
  - curl=8.18.0=hcf29cc6_1
  - entrez-direct=24.0=he881be0_0
  - exonerate=2.4.0=hf34a1b8_9
  - gawk=5.3.1=hcd3d067_0
  - glib=2.86.4=h5192d8d_1
  - glib-tools=2.86.4=hf516916_1
  - gmp=6.3.0=hac33072_2
  - icu=78.2=h33c6efd_0
  - keyutils=1.6.3=hb9d3cd8_0
  - krb5=1.22.2=ha1258a1_0
  - ld_impl_linux-64=2.45.1=default_hbd61a6d_101
  - libasprintf=0.25.1=h3f43e3d_1
  - libcurl=8.18.0=hcf29cc6_1
  - libedit=3.1.20250104=pl5321h7949ede_0
  - libev=4.33=hd590300_2
  - libexpat=2.7.4=hecca717_0
  - libffi=3.5.2=h3435931_0
  - libgcc=15.2.0=he0feb66_18
  - libgcc-ng=15.2.0=h69a702a_18
  - libgettextpo=0.25.1=h3f43e3d_1
  - libglib=2.86.4=h6548e54_1
  - libgomp=15.2.0=he0feb66_18
  - libiconv=1.18=h3b78370_2
  - libidn2=2.3.8=hfac485b_1
  - liblzma=5.8.2=hb03c661_0
  - libmpdec=4.0.0=hb03c661_1
  - libnghttp2=1.67.0=had1ee68_0
  - libsqlite=3.51.2=hf4e2dac_0
  - libssh2=1.11.1=hcf80075_0
  - libstdcxx=15.2.0=h934c35e_18
  - libstdcxx-ng=15.2.0=hdf11a46_18
  - libunistring=0.9.10=h7f98852_0
  - libuuid=2.41.3=h5347b49_0
  - libxcrypt=4.4.36=hd590300_1
  - libzlib=1.3.1=hb9d3cd8_2
  - mafft=7.525=h031d066_1
  - mpfr=4.2.1=h90cbb55_3
  - ncbi-vdb=3.3.0=h9948957_0
  - ncurses=6.5=h2d0b736_3
  - openssl=3.6.1=h35e630c_1
  - packaging=26.0=pyhcf101f3_0
  - pcre=8.45=h9c3ff4c_0
  - pcre2=10.47=haa7fec5_0
  - perl=5.32.1=7_hd590300_perl5
  - perl-archive-tar=3.04=pl5321hdfd78af_0
  - perl-carp=1.38=pl5321hdfd78af_4
  - perl-common-sense=3.75=pl5321hdfd78af_0
  - perl-compress-raw-bzip2=2.214=pl5321hda65f42_0
  - perl-compress-raw-zlib=2.214=pl5321h4dac143_0
  - perl-encode=3.19=pl5321hec16e2b_1
  - perl-exporter=5.72=pl5321hdfd78af_2
  - perl-exporter-tiny=1.002002=pl5321hdfd78af_0
  - perl-extutils-makemaker=7.70=pl5321hd8ed1ab_0
  - perl-io-compress=2.216=pl5321h503566f_0
  - perl-io-zlib=1.15=pl5321hdfd78af_1
  - perl-json=4.10=pl5321hdfd78af_1
  - perl-json-xs=4.04=pl5321h9948957_0
  - perl-list-moreutils=0.430=pl5321hdfd78af_0
  - perl-list-moreutils-xs=0.430=pl5321h7b50bb2_5
  - perl-parent=0.236=pl5321hdfd78af_2
  - perl-pathtools=3.75=pl5321hec16e2b_3
  - perl-scalar-list-utils=1.62=pl5321hec16e2b_1
  - perl-types-serialiser=1.01=pl5321hdfd78af_0
  - pip=26.0.1=pyh145f28c_0
  - python=3.14.3=h32b2ec7_101_cp314
  - python_abi=3.14=8_cp314
  - readline=8.3=h853b02a_0
  - seqkit=2.13.0=he881be0_0
  - seqtk=1.5=h577a1d6_1
  - tk=8.6.13=noxft_h366c992_103
  - tzdata=2025c=hc9c84f9_1
  - wget=1.25.0=h653f8fd_1
  - zlib=1.3.1=hb9d3cd8_2
  - zstd=1.5.7=hb78ec9c_6
